Vector2D(100, 200)
Vector2D(103, 198.5)
Vector2D(103, 198.5)
Vector2D(297, 101.5)
Vector2D(15, -7.5)
3.35410196624968
Vector2D(0.894427190999916, -0.447213595499958)
1
3.35410196624968
313.865018758064
313.865018758064
0
Vector2D(0.707106781186548, 0.707106781186547)
18.8679061702043
90
0
1
1
-1
Vector2D(1, -1)
Vector2D(3, 0)
Vector2D(0, 4)
Vector2D(0, 1)
Vector2D(0, -1)
Vector2D(50, 50)
Vector2D(25, 25)
Vector2D(7.07106781186547, 7.07106781186547)
5
Vector2D(0.707106781186548, 0.707106781186547)
Vector2D(3.06161699786838e-15, 50)
10
Vector2D(7, 3)
Vector2D(0, 0)
Vector2D(0, -1)
Vector2D(1, 0)
true
false
true
Vector2D(51.7149858514251, 51.028991510855)
Vector2D(4, -3)
Vector2D(-3, 1.5)
Vector2D(3, 1.5)
Vector2D(3, -1.5)
3,-1.5
